PRIVATE_KEY_1 = 9656402328495a808a5854aa209befc21ea441fc86a92351c9f88ccf8f6c2b95
PUBLIC_KEY_1 = 
ACCOUNT_ID_1 = 0.0.3423853

PRIVATE_KEY_2 = 302e020100300506032b6570042204205e8e20a36eb9584d85cd6f40ab61ddf31e155c50ea093befb07bf785bcf73b04
PUBLIC_KEY_2 = 302a300506032b6570032100a7f4abc3414d9defaa98367a6ccfeef50d8c67c91f1f5ecde9839b8a3bbb0de1
ACCOUNT_ID_2 = 0.0.3422185

PRIVATE_KEY_3 = 302e020100300506032b6570042204200a1daf94f268bc0018ce8e9a11c470b74783aaffca1bd931aeb44b2aa3bb3a78
PUBLIC_KEY_3 = 302a300506032b6570032100f18227bb2359dedf3f0c75742ecd4d13b93230166cedfe22824ae92f26292f6b
ACCOUNT_ID_3 = 0.0.3422186

PRIVATE_KEY_4 = 302e020100300506032b657004220420ae240f58a50921b5bb61b4247e4b76b44cf7d0caf311867346963a035b8cc6d4
PUBLIC_KEY_4 = 302a300506032b65700321000e5588b723f75f85f6f087997b41c029267d63b7d2b2e1323206eee63b57d66e
ACCOUNT_ID_4 = 0.0.3422187