PRIVATE_KEY_1 = 9656402328495a808a5854aa209befc21ea441fc86a92351c9f88ccf8f6c2b95
PUBLIC_KEY_1 = df51fcf303f8755244c6ea34e5a95a77d7ba14a495beebbfead2bd2b3274ff68
ACCOUNT_ID_1 = 0.0.3423853

PRIVATE_KEY_2 = 302e020100300506032b6570042204205e8e20a36eb9584d85cd6f40ab61ddf31e155c50ea093befb07bf785bcf73b04
PUBLIC_KEY_2 = 302a300506032b6570032100a7f4abc3414d9defaa98367a6ccfeef50d8c67c91f1f5ecde9839b8a3bbb0de1
ACCOUNT_ID_2 = 0.0.3422185