PRIVATE_KEY_1 = 302e020100300506032b657004220420d0342abdb077ff2b88f96ea78fd8dd6c4ad22f7e747e16b8587e44166f2546c1
PUBLIC_KEY_1 = 302a300506032b65700321000ab1798cb86a7978c0a39e6f57ea97efe02ca701ed2b2a00bcc846bf7cf94dde
ACCOUNT_ID_1 = 0.0.3422188

PRIVATE_KEY_2 = 302e020100300506032b6570042204205e8e20a36eb9584d85cd6f40ab61ddf31e155c50ea093befb07bf785bcf73b04
PUBLIC_KEY_2 = 302a300506032b6570032100a7f4abc3414d9defaa98367a6ccfeef50d8c67c91f1f5ecde9839b8a3bbb0de1
ACCOUNT_ID_2 = 0.0.3422185

PRIVATE_KEY_3 = 302e020100300506032b6570042204200a1daf94f268bc0018ce8e9a11c470b74783aaffca1bd931aeb44b2aa3bb3a78
PUBLIC_KEY_3 = 302a300506032b6570032100f18227bb2359dedf3f0c75742ecd4d13b93230166cedfe22824ae92f26292f6b
ACCOUNT_ID_3 = 0.0.3422186

SCHEDULE_ID = 0.0.48846038
